-8.7561 -6.7978
11.2296 -3.1677
5.0018 -1.0935
-5.0278 11.8144
-9.0832 3.3356
5.0857 3.9951
10.4039 -3.2549
5.2442 -9.6273
10.4460 7.2667
3.6234 -5.0091
-2.6557 14.0716
10.5201 -6.0798
-7.9658 12.0436
4.3564 12.1815
11.6748 4.2734
5.3681 -1.9042
3.4201 -11.6696
4.4205 -10.8348
-1.4419 13.0012
-4.9162 -11.3669
10.9839 -1.4443
-10.7173 0.4280
-6.6668 5.3570
0.8369 -12.1424
-4.6614 -12.3472
-9.4558 -6.5040
-10.3894 11.8979
-8.7683 -9.1209
12.1692 1.0561
-7.0916 5.2829
4.5621 2.0103
-1.2936 12.8760
10.8280 -5.3920
8.6955 9.2951
-1.8204 7.5839
-4.6097 12.7194
-10.4332 10.2849
1.4074 4.9826
12.1483 3.7009
7.2528 -8.2195
-7.7702 12.4905
8.7644 -9.1219
-6.6726 4.5019
-1.5873 -12.6902
12.2029 -0.8697
-9.1435 -6.2954
-3.9295 -11.0369
10.2715 5.7759
11.8523 4.2700
-1.4547 12.3926
2.4237 12.2304
10.7580 -1.1869
-4.9566 7.2469
1.2663 -5.3501
4.2979 12.1682
1.6606 -5.1161
-0.3456 13.1157
10.0902 5.3753
3.3231 5.6009
11.4434 5.2504
4.9384 10.7715
-2.7683 7.1052
-5.6191 7.3297
2.5451 -5.8894
10.7742 1.7894
10.5974 -0.6933
6.7574 9.5156
-4.3939 -12.1633
5.2932 -9.3948
-1.9918 -11.0963
-1.0721 -12.0210
10.5028 4.0747
2.2198 12.5051
11.0908 1.8378
-9.7481 0.9217
2.5338 13.3148
3.5908 -11.4374
-7.6940 4.4323
-5.8122 5.2021
-9.5241 -4.0363
-10.0062 -6.3952
9.1839 6.9058
6.6956 -8.6138
3.9110 3.4971
-0.7624 12.3143
10.1874 -6.5009
3.9722 11.5489
-7.0067 11.9280
3.1107 -12.3969
-8.7366 3.8145
9.7626 -6.0488
-7.4612 11.3470
1.4822 12.8640
-7.3603 5.7011
1.6397 -12.9089
9.8207 -5.2191
0.2438 13.0901
9.8314 7.0505
5.0129 -3.7973
-9.8182 2.1600
2.1035 -6.2508
-4.6566 5.3455
2.9903 -11.0747
9.8159 6.5375
-3.8309 13.3589
-3.9992 13.8761
-8.7697 1.8109
5.2380 -1.8848
9.7914 5.0869
-9.8983 1.6751
-11.0531 -0.2678
10.7993 -3.5217
10.1357 -7.7619
1.2203 6.9683
-5.8004 6.6886
-10.1492 0.5362
4.0452 -12.3225
0.8125 7.5582
-10.0976 0.7812
-10.1840 9.5098
-9.8680 1.6850
-3.3681 13.5498
4.6515 -4.3928
11.1670 4.6188
8.9600 -7.4439
10.4601 -3.2932
-8.0733 -7.0411
0.3993 13.5443
4.2866 3.7801
9.1854 5.2543
-10.6695 -3.5117
1.9484 12.8220
10.4328 5.0022
4.2678 4.4304
4.6717 -11.3263
9.2431 7.6518
4.1447 12.1131
10.6690 5.2893
10.7891 4.0413
-3.3035 6.4582
-3.5500 6.6741
0.8658 -11.2473
3.8840 4.9299
0.2074 -11.1044
-6.5515 12.3942
-7.7964 11.3455
3.3385 5.0547
-11.1933 -4.3482
4.8787 -10.2086
9.1619 6.2117
-3.6463 12.2914
-2.4395 7.7496
11.2588 2.0435
-3.9679 -11.5261
-9.2117 11.9004
-4.5282 -10.3280
3.8367 -3.5891
10.5867 -5.0544
-11.2194 10.5211
-6.9765 11.4429
-1.0239 6.6822
-9.3833 1.2165
-8.4941 4.3842
4.4517 -10.4380
10.4028 5.7475
5.8224 -10.0314
1.3388 13.4117
0.8674 13.5078
-10.6790 -2.2634
6.0392 -1.9431
-9.9553 -5.8467
-7.1832 -8.8890
-3.7478 -11.4966
-10.0532 -4.3154
5.4662 -1.0609
2.1630 12.8380
5.7385 -1.2218
2.1383 -4.5567
-10.1174 -1.6813
4.5512 -3.5708
4.1831 -3.6812
-0.6586 6.6950
12.3616 -0.4452
-4.5160 12.1994
10.4738 3.9670
-5.6325 -10.7191
-4.0630 -11.7060
1.1849 -4.9897
-0.6091 7.5629
0.5055 13.4660
9.2670 -8.3181
-5.7978 5.4626
-6.8634 -9.0825
-0.5273 -11.2501
-6.4015 12.8504
0.0874 13.5759
1.3523 6.1546
11.4126 -1.8462
4.1188 4.9347
-8.1897 4.0662
9.9656 6.3221
-9.5432 11.5150
7.3810 -9.0448
-8.7270 -6.2522
1.2565 13.8391
9.9871 4.3488
-10.7651 -0.7140
10.9303 -1.3790
11.3092 -4.2025
-10.6109 10.7659
9.5905 8.7697
6.1461 1.1559
10.9053 -5.1210
-9.5732 2.5697
11.8919 -0.8052
8.8905 -7.6470
-9.4346 -0.4322
-7.1434 12.9721
11.0539 -2.8126
-9.5593 1.3579
-10.5249 10.4273
10.9237 3.0254
-10.4672 10.8838
-10.1964 -2.6370
4.2571 -1.6962
10.1990 6.0420
5.6575 -1.0039
7.3358 -9.5080
-3.2400 6.8973
7.0808 -7.8410
-4.6899 12.6118
4.3924 -0.2285
11.0257 -0.4099
0.6214 12.8069
5.1804 11.1536
11.6979 -2.2519
2.5484 4.4954
-4.2237 12.0220
9.3791 -6.9311
1.8663 12.2726
-7.7894 -10.2958
10.4820 -4.2360
3.0581 13.3746
0.5155 6.8392
-6.7813 12.7196
4.0254 -10.9938
-10.0430 9.8128
8.0927 8.2459
-9.4741 -2.1841
11.2587 -1.6999
-4.6132 -10.4406
10.0787 -2.8716
-2.4762 12.1654
11.9082 -0.1367
-0.6013 -11.1155
-9.8776 -1.2782
10.5839 -7.3391
12.1607 1.8672
5.2879 2.1859
-9.3474 3.0741
4.6053 10.9394
-0.2418 -11.4132
4.3505 -11.3302
3.3325 11.9649
-2.2281 -12.5479
-8.3885 -7.7870
-2.8113 -12.0275
-9.9679 -6.0956
5.9995 10.8959
4.8373 -10.2516
11.6012 -0.0785
-4.1929 -10.5642
1.2466 13.0523
-1.5681 13.6168
4.9402 1.8901
11.2807 5.4840
4.4586 1.2455
-10.2030 -6.7368
-10.2960 -2.0706
10.8241 3.6476
9.7806 5.3530
4.0078 2.3520
-10.4281 0.3482
-1.0681 12.9561
4.1676 -1.3834
-8.2789 11.0796
-4.5320 13.5469
4.6115 -2.3079
2.5630 -4.2261
1.3391 -11.8406
-0.0218 -11.3778
1.1121 -5.8029
-11.0312 9.1447
5.6500 -2.2073
-11.4048 -1.4131
-7.3698 10.9895
-4.8474 12.1136
11.8555 -3.5303
-6.8800 5.5939
-8.6040 12.2105
3.9123 3.4356
-5.5195 -10.0897
3.3929 -4.2123
-7.0058 -9.9344
1.0383 11.8538
11.7960 -0.1180
4.7150 -2.8501
9.4927 5.0471
-10.2466 -4.8424
4.9750 3.0387
-9.5868 12.1376
-6.1400 -10.6511
-7.9370 11.6519
-1.0500 7.2925
9.5479 8.5758
-7.4119 5.8123
10.0834 7.4666
11.8969 -3.7461
3.3353 -5.0811
-10.7175 -2.7367
11.1106 3.4519
-1.2006 -12.9669
9.6423 7.7655
11.6673 4.1707
-9.9228 10.7160
7.0970 -9.9205
-2.4663 12.9860
-3.9579 -12.1182
-6.8650 12.6281
1.3084 -5.5593
-4.2266 -11.8471
-0.0347 -6.6241
11.1307 -6.6437
-9.1567 9.8457
2.5705 -6.0173
-10.2791 -0.3680
-3.0814 5.9138
-7.3481 -8.3701
0.1848 -5.9245
-11.7986 10.1650
7.0031 -8.4896
5.1432 -9.4273
-0.1574 7.5500
-8.3622 12.8689
5.7324 1.8760
-10.4609 0.0077
-1.8705 -12.0137
9.9812 -5.9692
9.4474 -6.8628
10.5402 -4.4758
-7.6325 3.7682
10.6754 -1.5623
4.0807 -2.9846
8.6455 -8.7028
-10.5365 -1.6980
-5.6840 13.3596
9.0210 -6.4775
4.9298 -0.4242
-10.6192 -4.5298
5.5137 3.0920
3.0330 12.8890
0.6741 12.8033
-2.2467 -11.8523
5.4848 -9.8614
10.3274 3.1412
6.4770 -10.0165
-10.6048 -1.8028
2.5922 -10.9130
-8.2657 -7.8459
3.0315 11.3036
2.6917 12.4866
-8.5652 -6.8873
5.5255 -10.4114
-8.6632 4.0984
-1.6311 6.0266
1.4509 -4.5007
2.1053 5.9507
4.0822 -3.0391
9.2774 -7.1778
-9.6527 -4.9105
4.3990 1.3284
9.9167 5.0372
-9.0376 10.8251
6.7692 -9.1220
-4.7772 -10.7062
-5.4881 12.4316
-0.4059 6.6609
-5.1498 11.6914
10.6191 -1.4291
4.9991 1.4155
5.0588 -4.4700
-9.2034 -6.5294
4.5126 -10.1730
-9.9209 -1.6600
-3.5446 6.3501
11.9572 -1.0836
-6.0645 5.8850
4.3517 4.5029
8.8439 -8.2179
-9.0560 -6.2320
-18.4219 -0.6468
-19.3609 2.0824
-21.4638 -0.6600
-20.0935 -0.4365
-20.1197 -1.1000
-20.6403 -0.1864
-20.6972 -0.8478
-20.6729 1.0287
-18.7312 0.7883
-20.7208 0.0198
-20.1938 1.0131
-20.6182 0.3209
-19.6238 0.6302
-20.4213 1.8690
-21.3090 -0.1410
-20.0145 -0.1249
-19.5646 -0.3123
-20.1545 -0.3272
-21.3673 -1.2936
-20.0994 -1.7418
-20.6918 -0.5794
-19.4411 -0.2219
-20.8152 -0.9782
-20.2393 -0.9725
-20.5932 -0.5444
-20.8884 1.5904
-19.9011 0.0899
-18.9252 0.1316
-19.5981 -0.1404
-19.7511 -1.2748
-17.0335 -0.0174
-19.4688 -0.6725
-19.9769 -1.7511
-20.0302 0.4334
-18.7275 0.4207
-20.1547 -0.3806
-19.5071 -0.3546
-20.9412 0.7129
-19.9347 0.5412
-20.0018 -0.9073
-20.9643 1.4819
-20.0693 -1.2882
-19.4253 0.4077
-19.2264 0.9948
-19.0008 1.0407
-19.5103 -1.0164
-19.9593 0.1729
-19.4011 0.6158
-20.1195 1.2321
-20.5778 1.1922
-18.2875 -0.2617
-18.7827 -0.4190
-19.0388 0.7375
-20.0980 -0.8194
-19.1271 0.6484
-19.5969 1.5507
-19.1508 0.1101
-19.2741 0.3324
-22.4123 0.4806
-19.1175 0.5442
-20.4701 -0.9791
-21.1512 -0.2339
-19.9691 0.0187
-20.1924 -1.0717
-21.0448 -1.4846
-19.9381 -0.4664
-19.1805 0.8735
-19.9585 -1.9021
-20.4126 -1.2424
-20.4281 -1.1645
-20.8879 -1.5677
-19.7319 -0.3670
-20.6424 -0.2780
-19.1875 0.5475
-21.3821 0.8965
-20.3102 0.4476
-18.4427 -0.1808
-18.9669 -0.6070
-19.3335 -0.2790
-18.0596 0.0645
-19.3694 0.8259
-20.2551 0.1260
-19.7571 0.0032
-20.4188 0.5414
-19.5727 0.4355
-17.7471 1.2416
-19.4964 -0.3254
-19.0984 -0.9266
-20.3433 -0.3462
-21.7171 -1.3447
-19.0086 0.5779
-19.7871 -1.0446
-21.9387 -1.2531
-20.6423 -0.4131
-21.8328 -2.4280
-19.5218 -0.4809
-18.9491 -0.7564
-17.6554 1.3914
-19.1796 -1.0894
-19.0658 -0.0465
-18.9748 0.3158
-17.8383 0.0712
-20.8124 -0.8827
-21.4266 -0.9359
-20.1706 0.5795
-21.2709 3.2027
-20.4784 -0.2000
-19.6916 0.7662
-20.1157 0.8454
-20.2890 -0.2546
-19.2834 -0.5689
-19.3482 0.4413
-20.0263 0.7975
-17.8144 -0.4471
-19.7343 -0.6553
-20.0620 0.4524
-19.6513 -0.5402
-20.1887 1.1896
-19.5220 -0.9072
-20.6717 1.6490
-21.3619 0.6955
-22.7919 0.2282
-18.0611 0.0332
-19.9279 0.0273
-20.8224 0.6873
-18.7618 -0.8338
-19.4915 0.9117
-20.3419 1.2066
-19.8319 -0.6693
-19.4661 -0.2801
-18.9929 1.0038
-20.7038 1.0592
-21.3141 0.0502
-19.5492 -0.1659
-20.2326 0.5513
-19.0311 0.4537
-19.0280 1.0505
-21.9924 -0.6937
-18.6970 0.7129
-20.8746 0.6449
-20.9286 0.5301
-21.6780 -1.5089
-20.0139 -0.0198
-20.2320 0.2364
-20.3707 1.2634
-17.7020 0.2297
-19.3819 0.5636
-19.5290 -0.0259
-20.1639 -0.6487
-20.4106 0.9702
-19.3892 0.5843
-21.2040 -0.9009
-20.0019 -0.0875
-18.2783 1.7402
-18.5380 -0.3049
-20.0107 -0.4481
-19.1254 1.3719
-21.0942 0.3241
-20.1859 -1.2720
-18.8652 -1.2651
-17.4064 -0.0305
-19.7206 -0.4137
-20.5443 1.5953
-18.3997 0.7470
-20.9371 0.8610
-20.0983 -0.3427
-20.7711 1.4264
-21.5096 -0.1837
-20.3055 -0.4510
-19.7935 0.3915
-19.0076 -0.1455
-19.8840 0.6204
-21.2211 2.1772
-19.5789 -1.2573
-19.7470 -0.4995
-20.2537 0.1470
-20.2882 1.7880
-19.9694 0.6783
-18.0524 2.0593
-20.1407 -1.2559
-19.4452 0.6007
-21.3228 -0.3644
-21.0480 1.5588
-18.5305 1.2100
-19.6716 -0.6214
-19.5309 -0.3135
-19.4920 -1.0649
-21.2488 1.8930
-19.9501 1.0644
-20.1576 0.2499
-21.1668 0.6051
-20.0929 0.5926
-17.5906 1.2293
-20.1960 -0.9616
-19.3598 -0.2156
-20.2212 1.0297
-19.6939 0.2639
-19.5387 -1.0904
-20.2311 -1.0560
-20.7792 0.2432
-3.1107 0.5844
-1.5495 -1.3082
-0.5833 -0.0497
-2.0372 -0.0227
-3.0001 -0.2107
-1.3481 0.9716
-1.2080 -0.1868
-1.9554 -0.7612
-1.8632 0.2855
-2.8432 -0.3337
-2.5112 -0.2440
-1.3116 -0.0943
-2.0436 -2.0935
-1.5614 -0.5800
-2.3839 -1.1680
-2.8141 0.2962
-1.9985 0.6524
-3.4178 -0.2024
-1.5627 0.0108
-1.0183 -0.8111
-2.6459 -0.4370
-1.3814 -0.1259
-2.5910 -1.2306
-1.6235 -1.0607
-2.1589 1.0097
-3.6962 0.6272
-0.8679 0.9905
-1.9952 -0.1830
-0.7560 1.5155
-0.6983 -0.5616
-1.8288 0.3682
-0.6047 0.4337
-2.4362 0.0400
-2.7950 -0.3001
-3.1337 -1.6192
-2.7896 0.3706
-3.5854 0.6889
-1.8925 0.9303
-2.2931 1.4075
-2.8704 -2.4267
-1.7727 -0.2148
-2.0684 1.1233
-1.6866 -1.2027
-2.3893 0.5827
-2.9340 -0.6662
-0.9645 0.2617
-2.5639 0.5316
-2.0954 0.2150
-1.7875 0.2500
-2.7043 1.9557
-2.1505 -1.4999
-2.1872 0.1518
-0.6155 -0.4151
-2.6114 -0.0643
-1.3443 -0.0058
-3.6360 0.3583
-1.5461 0.1711
-1.8483 -0.4252
-1.2446 -1.3071
-1.9841 0.1999
-2.3300 1.2554
-2.3278 0.1003
-2.2353 0.4751
-2.6052 -2.0658
-1.8778 -0.7822
-2.1016 -2.2955
-0.8939 0.4385
-3.6957 -0.1760
-1.3722 -0.6210
-1.5490 -1.5549
-1.8036 -0.1839
-2.0402 0.1920
-3.3594 2.0261
-2.9216 1.0023
-1.7988 -1.1564
-0.4115 0.2453
-2.6876 -0.4028
-2.9501 0.9032
-2.8150 1.5140
-3.3816 1.7384
-2.5072 1.3654
-0.7027 -1.2294
-0.7022 0.6528
-1.3613 -1.5343
-1.0181 0.4970
-3.5999 -0.9845
-2.3297 -0.9554
-2.6641 0.4873
-1.0645 0.4740
-0.9302 -0.9707
-0.6536 0.0383
-0.6400 1.0634
-1.8845 1.0023
-2.7209 -0.2580
-2.0991 -0.4297
-3.1096 0.9852
-2.2420 0.8254
-0.8477 0.2365
-2.1269 -0.5833
-0.7387 -0.5448
-2.1231 -0.8800
-1.4990 0.5049
-0.8515 1.1109
-0.7875 0.2391
-1.7720 -0.0622
-1.5253 2.0074
-1.4187 1.1053
-1.6722 2.0365
-3.2893 0.2294
-0.9252 0.3945
-2.9910 -0.4214
-0.6808 -1.5364
-1.6067 0.8206
-1.6148 -0.1561
-1.4530 -1.0644
-0.8752 -0.2808
-3.4072 -0.2536
-2.3650 -1.9738
-2.0647 0.3701
-3.6177 -0.2880
-2.8778 -0.1079
-1.3295 0.2775
-1.8653 -0.0647
-1.2794 0.6062
-2.3580 -0.0144
-1.6940 -0.3444
-1.1414 0.9051
0.0708 -0.5668
-1.7428 1.8126
-2.5692 0.1804
-2.7166 0.6200
-1.1910 0.2414
-1.6742 -0.5582
-2.7222 -0.0001
-2.4250 -0.4076
-1.8099 -1.3997
-3.0467 0.3013
-0.8826 2.1320
-0.5049 0.9671
-1.4199 1.2676
-0.6456 1.1997
-1.2045 -0.4649
-1.1074 -0.8724
-2.0003 -0.6517
-2.6200 -0.5373
-1.0267 0.6616
-0.2621 -0.9083
-3.5511 0.5474
-1.8652 -0.4109
-1.2119 -1.1923
-1.0066 0.4028
-2.4216 0.8730
-1.5887 -0.1176
-1.7156 0.4325
-3.3162 -1.6141
-2.5911 -1.1241
-1.8707 0.1007
-1.3796 0.6208
-0.6484 -1.2277
-3.1235 -0.2323
-2.1505 -1.5580
-0.5339 -2.5076
-2.1006 1.1942
-2.2961 -0.2977
-2.0731 2.1483
-1.6369 -0.7119
-2.2048 -0.0017
-2.9179 -0.0079
-0.0896 -0.5398
0.2352 -1.1927
-1.6522 -0.2609
-1.5199 1.0531
-2.9333 -0.5655
-1.6757 -0.8613
-2.4926 -1.5406
-2.0074 -1.7863
-1.8859 -0.7798
-1.8190 -0.1774
-3.1876 -1.6904
0.3652 0.1919
-3.3719 -0.5529
-2.6509 1.7192
-1.5566 -1.4425
-2.2688 0.5811
-2.5318 -1.3975
-1.8305 -0.4731
-3.1343 -0.0347
-2.5246 -1.4762
-1.0203 -2.2677
-2.0397 -0.9704
-1.8149 1.6628
-1.3515 -0.9736
-2.2462 -1.1911
-1.0354 0.5231
-2.0829 1.4022
-2.1943 -1.2774
-2.3601 -0.8828
-1.4729 0.1337
-0.8995 -0.3962
-3.4781 0.4306
-24.3600 -10.4600
-23.7600 -11.7800
-24.6000 -9.1400
-19.0000 -11.1800
-14.8800 -8.0200
-16.9600 -11.6200
-19.4000 -11.3600
-19.6000 -8.1800
-24.4400 -11.9800
-21.1200 -10.9800
-21.4400 -11.0400
-20.5600 -8.1400
-24.5200 -8.7400
-14.0400 -11.3000
-13.9600 -8.5600
-16.5200 -9.1000
-18.2400 -8.1200
-14.7200 -10.3000
-23.4800 -10.9600
-23.9600 -11.8000
-15.7600 -10.2600
-17.6400 -9.9800
-13.6800 -10.5400
-15.2400 -11.3800
-23.2400 -11.2400
-20.0000 -10.0200
-18.8000 -9.4400
-15.9200 -8.1000
-20.3600 -8.5200
-22.8000 -8.9200
-18.8400 -11.9400
-20.0400 -10.8200
-24.2800 -10.8800
-16.6400 -11.4000
-22.9200 -9.8600
-17.1600 -9.8400
-13.9200 -11.2200
-18.9600 -10.1400
-18.5200 -10.0600
-18.2000 -9.4000
-17.0000 -8.9600
-18.6400 -8.5800
-13.4000 -10.8600
-22.8400 -8.3000
-18.3600 -9.6400
-21.6000 -8.2400
-17.9600 -11.4200
-13.7600 -9.0200
-13.8000 -11.6400
-19.1600 -11.6600
-14.9600 -11.3200
-17.3600 -8.4600
-24.5600 -11.8600
-23.7200 -8.6800
-17.8400 -9.7400
-13.4800 -10.9400
-24.8800 -8.7000
-21.5600 -8.0800
-17.8000 -8.4200
-15.8000 -10.2800
-22.5200 -11.8400
-22.3600 -10.8400
-20.8000 -9.8200
-14.5600 -10.3200
-13.8800 -9.8800
-17.2800 -11.2600
-23.3600 -10.7400
-16.6800 -9.2600
-25.0000 -9.7200
-24.1600 -9.7000
-14.2400 -9.4200
-18.1200 -11.7000
-16.8400 -9.5600
-22.1200 -9.2400
-18.0000 -10.2200
-24.4000 -8.4400
-14.4800 -9.1600
-21.8800 -9.0600
-19.8000 -10.4000
-24.8400 -8.2200
-22.5600 -8.5000
-18.1600 -8.3400
-23.8000 -8.0400
-21.2400 -9.2200
-15.0400 -9.6600
-19.8400 -11.5400
-14.3200 -9.9400
-22.2000 -10.1600
-21.0400 -10.7800
-24.4800 -9.3000
-21.0800 -8.6000
-17.9200 -11.4800
-20.6400 -8.2600
-24.9600 -8.9800
-16.5600 -9.1800
-18.5600 -10.2400
-19.8800 -9.4600
-20.4400 -8.9400
-13.5200 -9.5800
-20.7600 -9.5200
-22.4800 -11.9600
-24.7600 -11.7200
-19.4800 -9.0400
-20.2000 -9.2800
-13.2000 -8.3600
-22.3200 -10.4400
-18.0400 -8.0600
-13.4400 -9.9000
-20.6800 -8.2000
-18.8800 -8.9000
-16.3200 -10.4200
-15.5200 -9.2000
-14.9200 -11.8800
-24.1200 -10.1000
-17.7600 -11.5800
-22.4400 -9.6200
-19.4400 -9.3400
-18.6000 -8.6600
-15.4400 -8.8200
-23.0000 -10.7000
-14.4000 -8.6400
-20.0800 -9.5000
-17.4400 -11.4400
-14.7600 -8.4000
-14.8000 -11.4600
-21.8400 -10.6800
-17.0800 -9.9200
-20.3200 -10.1800
-23.5200 -9.6000
-18.7600 -10.1200
-21.6400 -11.1600
-15.6400 -10.0000
-13.2400 -8.8600
-20.1600 -11.5600
-15.3200 -9.1200
-16.2400 -11.5200
-19.9200 -8.7200
-19.1200 -11.0200
-23.9200 -11.6000
-15.8800 -10.5200
-15.1200 -8.4800
-20.4000 -8.2800
-17.5600 -11.2000
-23.2000 -8.7800
-16.2800 -9.7800
-23.6800 -9.8000
-16.1600 -10.7200
-23.4400 -9.3600
-23.6400 -10.6400
-21.5200 -10.0800
-16.8800 -9.6800
-22.4000 -8.7600
-22.1600 -10.7600
-17.4800 -10.5800
-20.4800 -11.9000
-22.6400 -11.1200
-15.0800 -8.6200
-14.5200 -11.0600
-14.1600 -10.6000
-20.9600 -10.3400
-22.0800 -11.9200
-21.9600 -9.3800
-15.3600 -11.7600
-22.9600 -10.6200
-23.8800 -10.9200
-21.3200 -10.4800
-18.0800 -10.5000
-18.4800 -9.0800
-20.2400 -10.3800
-24.9200 -11.1000
-20.2800 -11.0800
-14.8400 -9.3200
-17.8800 -8.3200
-15.0000 -11.1400
-15.5600 -9.4800
-15.4000 -8.3800
-22.2400 -10.5600
-16.0000 -8.1600
-23.1200 -9.5400
-14.6800 -10.2000
-23.0800 -12.0000
-23.2800 -10.6600
-22.7200 -8.8800
-15.6000 -9.0000
-13.0800 -11.2800
-15.8400 -8.8400
-19.6800 -10.3600
-24.6400 -8.5400
-17.6800 -9.7600
-22.2800 -11.0000
-13.5600 -10.9000
-13.2800 -11.5000
-18.9200 -10.0400
-20.5200 -11.6800
-13.6400 -8.8000
-13.0400 -11.8200
-18.2800 -8.0000
-19.9600 -10.8000
-14.3600 -9.9600
-14.1200 -11.7400
-16.7499 5.6200
-16.0559 7.1945
-16.5763 7.4791
-15.8261 6.2413
-15.9366 5.8527
-17.1550 6.1975
-17.6520 7.1117
-16.0270 6.0105
-16.7956 6.5350
-17.6531 6.1406
-16.0954 6.3450
-16.2693 7.8989
-16.4619 6.8611
-16.2309 7.5129
-17.0463 7.5650
-16.9144 8.0555
-16.5716 8.2786
-17.2237 8.1505
-17.0213 7.3170
-17.1560 6.4697
-16.7535 7.2923
-17.9422 6.6501
-17.2904 7.2086
-16.7103 7.2874
-18.3520 7.0392
-17.1702 7.0143
-17.3642 8.3264
-17.9763 7.6010
-17.7831 7.9151
-18.0759 7.4353
-17.6438 8.8054
-18.9735 8.9459
-18.7935 8.6470
-18.1395 7.5815
-18.3356 9.0352
-18.3380 7.8967
-17.9561 8.9024
-18.6977 8.6881
-18.2034 7.8882
-18.4300 8.8876
-18.3958 9.0226
-18.4074 9.4890
-19.4028 8.9283
-17.7125 8.3859
-18.5547 9.5314
-18.7629 8.6084
-18.9513 9.0086
-19.5615 9.4221
-18.7565 8.5039
-18.3687 9.2195
-18.0466 9.0651
-19.9707 9.6464
-20.0413 8.8014
-18.6549 8.6011
-19.3121 8.7429
-18.7481 8.7455
-18.5319 8.8780
-19.5620 10.3081
-19.9027 10.3592
-20.2976 9.7568
-19.6584 9.9449
-19.8372 9.3514
-18.6070 8.6094
-19.5809 10.2975
-19.2323 8.8776
-20.4161 10.7338
-19.7066 10.4310
-19.9076 8.9586
-19.0811 9.7496
-20.4276 8.9904
-20.5269 9.6090
-19.2603 9.1684
-19.7975 10.4413
-20.1199 10.9912
-20.7301 9.3409
-21.1263 9.3302
-20.9689 10.4468
-19.8826 10.8834
-19.9877 10.0965
-21.4491 10.8217
-20.1749 9.9461
-20.8534 9.5662
-20.5095 10.0087
-20.9360 11.3378
-20.4572 11.4434
-19.9912 9.8841
-19.9037 11.4387
-20.0304 10.6920
-21.2375 11.2187
-20.9871 10.5112
-21.4877 10.3969
-20.1701 11.7935
-20.8657 11.8946
-20.4261 12.0101
-22.0988 12.0513
-20.7106 10.9503
-20.5948 11.6239
-21.7910 10.7827
-22.2210 11.1786
-21.1133 11.1833
-21.9028 10.6446
-22.2872 11.3295
-22.1248 12.4433
-21.2699 11.2354
-20.7059 12.4105
-22.3488 12.6506
-22.5196 11.7862
-22.0752 10.8718
-22.2915 11.5166
-20.9807 12.0927
-22.9122 11.2065
-22.9390 11.4981
-22.8602 12.6173
-22.8377 11.4112
-22.7401 12.6881
-22.0571 12.8783
-21.8253 12.3742
-21.5849 13.3123
-21.9043 11.9121
-22.1032 11.4504
-22.4406 12.7249
-22.9177 12.1140
-21.9470 12.6507
-21.9145 13.3617
-23.0908 13.5290
-23.3000 12.5991
-23.3057 13.2680
-23.3637 13.2224
-23.4380 12.0444
-23.4455 13.2109
-22.2596 12.3007
-22.6297 13.7468
-23.1120 12.7905
-22.5701 12.2689
-24.0823 12.9536
-23.5954 12.8391
-22.5478 12.9444
-23.0556 13.2823
-23.9836 14.1122
-23.2906 13.0170
-23.2481 12.5730
-23.0404 12.7739
-24.3896 13.0275
-24.2695 14.0405
-24.4360 13.7189
-24.0593 14.6268
-24.3563 13.5487
-23.0100 14.7890
-23.7315 13.0445
-22.9848 13.1387
-23.5129 13.2041
-22.2352 7.3926
-20.7539 6.8117
-21.0918 5.7994
-20.4846 6.8978
-21.5208 5.9640
-20.4769 6.1567
-20.5508 5.9221
-21.1170 7.7240
-22.0085 7.2732
-21.5917 7.9315
-21.6525 6.0366
-21.5833 6.7048
-21.2209 6.6329
-20.9727 7.8567
-21.3167 6.3131
-21.1449 7.3077
-20.8861 6.8575
-19.7640 7.0970
-21.5054 7.7278
-20.4107 7.5099
-20.2834 7.4893
-19.9593 7.4310
-19.6701 7.2848
-20.8394 7.8695
-20.5442 7.0260
-20.1754 7.9365
-20.6489 7.8830
-19.8973 8.5496
-20.2022 7.4744
-19.7685 8.1821
-20.2853 8.5674
-20.3885 7.2923
-19.4841 7.6784
-18.8785 7.5437
-19.0883 7.2520
-18.9679 8.0480
-19.6355 7.8210
-19.1432 7.7857
-20.2849 8.8488
-19.9574 9.4235
-19.8214 9.3422
-19.7775 8.4596
-19.7328 9.4846
-19.6153 8.2616
-19.5591 9.0777
-19.8482 9.0360
-20.1884 9.4517
-19.4716 8.7186
-18.1662 9.1803
-19.6758 9.1980
-19.5698 9.1345
-19.6486 9.4134
-18.1267 8.8335
-19.0728 9.2955
-18.6455 9.5128
-19.2912 10.0310
-19.1854 9.0412
-17.9695 10.0630
-19.0335 9.4522
-17.7031 8.9918
-18.6427 9.1067
-18.6235 9.6804
-18.3208 8.9160
-19.1422 10.2295
-17.6798 10.2217
-17.4662 10.0184
-17.3260 8.9364
-18.3105 10.2168
-17.5032 9.6161
-17.9644 9.2283
-17.6331 10.9146
-17.7301 9.2708
-17.1862 10.2701
-18.7815 9.2681
-18.3079 11.0890
-16.8770 11.2241
-17.7392 9.8743
-18.5506 9.4545
-17.0892 9.6963
-17.9641 10.4891
-17.9508 11.0594
-16.9695 9.8186
-18.2206 9.8145
-17.8450 10.0348
-17.8500 10.4184
-18.0987 10.6086
-16.8221 11.4760
-17.5611 10.4575
-16.5272 10.5100
-16.5748 10.7508
-17.6971 10.6014
-17.3601 11.3110
-16.7232 11.8398
-17.7473 10.2379
-15.8484 12.0191
-16.0895 11.5865
-16.4129 11.7102
-16.0572 12.0403
-16.5429 10.6119
-17.1616 11.2934
-16.2729 10.5016
-15.9488 10.8538
-16.2374 12.2090
-16.4180 12.5463
-17.2019 11.9226
-16.0882 11.4919
-15.9702 11.6569
-16.5202 12.4627
-16.2926 11.7244
-16.5572 12.0478
-15.0498 11.9932
-15.5914 11.9166
-16.0165 11.8096
-16.3037 12.0141
-14.9148 12.1317
-15.0125 11.8756
-15.0409 12.1120
-15.5849 13.0433
-14.6296 11.6416
-16.1606 13.3265
-16.3086 12.8723
-15.2227 11.5745
-16.3150 12.5056
-15.6898 12.5108
-14.3696 13.5403
-14.5833 12.3860
-14.8950 12.4976
-14.4802 13.0739
-14.9115 12.4366
-14.5073 13.2506
-14.4108 12.9106
-14.0925 13.1412
-15.0688 12.8803
-14.4043 12.5969
-14.2346 13.5156
-14.3481 12.3957
-14.5174 14.2980
-15.5878 13.6017
-15.0252 12.9143
-15.2413 13.2757
-13.7823 14.1494
-14.7112 13.6471
-14.0465 12.7580
-14.5392 12.7976
-14.0874 14.6409
-13.3117 13.8575
-14.4951 13.0569
-15.1443 13.5182
-13.7629 13.2579
-14.7627 13.1615
-14.3358 14.7447
